-26.557138
-21.620063
-24.930397
-22.556403
-22.195146
-25.807698
-26.370507
-26.695633
-29.767688
-27.547076
-28.421025
-28.959191
-30.651710
-26.466662
-25.536726
-32.334106
-25.945283
-25.998285
-23.366298
-37.478548
-33.787636
-32.139254
-30.916966
-35.508420
-32.205512
-26.474223
-27.758459
-27.428464
-25.256186
-24.716404
-23.183465
-22.187223
-30.197137
-31.079738
-29.288681
-27.595604
-26.007712
-29.881139
-25.613748
-29.316389
-28.149845
-28.554065
-24.330025
-24.966205
-24.948301
-22.438140
-17.573362
-17.418655
-18.872969
-19.946267
-29.559867
-37.743649
-27.461971
-25.716952
-27.843951
-25.728084
-28.951789
-31.836378
-25.611006
-22.007175
-17.696547
-15.344844
-22.850275
-22.129312
-24.001572
-21.849011
-24.085545
-24.113062
-24.784285
-27.683133
-31.153233
-25.460037
-26.345584
-26.167298
-26.084745
-24.915886
-26.789476
-28.140309
-26.462273
-25.247886
-27.685883
-25.837898
-27.002631
-20.920924
-22.573512
-21.126481
-20.497286
-27.349866
-29.322471
-24.466535
-23.048798
-27.300395
-28.582353
-31.369723
-28.190331
-25.792580
-18.757542
-21.377698
-27.890785
-27.697998
-23.009701
-25.176995
-28.183702
-25.119622
-24.514926
-27.113431
-31.803115
-31.907111
-29.436352
-29.857962
-17.913556
-18.644579
-19.718706
-33.974673
-32.435066
-29.175285
-26.152945
-30.503083
-24.848843
-29.272227
-29.618448
-29.265803
-30.325214
-28.481513
-28.420939
-22.350499
-22.110630
-22.205904
-25.509932
-21.240424
-21.255313
-13.460125
-26.053010
-23.198532
-27.165647
-28.806539
-22.872862
-23.985830
-30.072730
-27.908765
-19.860141
-25.110341
-27.718843
-27.789021
-24.969682
-25.925088
-27.390804
-27.541956
-26.956556
-21.586907
-20.358620
-24.431030
-23.773079
-29.344636
-33.630658
-26.507991
-26.866813
-26.393626
-26.770059
-26.407240
-24.418289
-26.507761
-26.800477
-24.613913
-20.497659
-23.058030
-23.623153
-21.593629
-17.623582
-21.179012
-21.355380
-15.644427
-23.129443
-16.909215
-16.509632
-15.697083
-16.930240
-30.518479
-31.668895
-36.501469
-30.829445
-27.097497
-27.118745
-25.624082
-28.798308
-25.956113
-30.787096
-29.733455
-30.049957
-30.719916
-28.549343
-29.456695
-29.437346
-26.408183
-14.865535
-15.316056
-25.103513
-24.450600
-23.577363
-24.604942
-29.032415
-31.307096
-25.232432
-27.944707
-23.230140
-24.412772
-24.392553
-26.407382
-20.547563
-24.142503
-23.641780
-28.023976
-29.895056
-31.155872
-30.394695
-34.809129
-33.566085
-33.322781
-25.743628
-33.964997
-34.656784
-40.191190
-37.272362
-36.120820
-37.715516
-35.651794
-36.190673
-36.208797
-38.613141
-34.425199
-31.768481
-32.620857
-31.060397
-33.293113
-34.144477
-32.669478
-30.867373
-31.125588
-21.916153
-22.081285
-24.417151
-29.324338
-32.182442
-30.112909
-31.685144
-31.334937
-32.668888
-31.475345
-33.512046
-33.184558
-36.727003
-31.626285
-35.604699
-26.213240
-26.097079
-29.249415
-30.793409
-23.335277
-27.180688
-26.954828
-24.794953
-25.106876
-24.018997
-32.967015
-27.026380
-25.233111
-29.361194
-26.659312
-26.582482
-26.570253
-25.638559
-26.700323
-23.069494
-30.403785
-29.403134
-29.878400
-29.072891
-29.097470
-31.088461
-27.435356
-28.307855
-28.283467
-28.316709
-28.399262
-27.803256
-27.370203
-24.336425
-23.349575
-20.836631
-28.379604
-26.718238
-25.257717
-24.502411
-29.340182
-24.669209
-21.626840
-24.922127
-23.034928
-28.869343
-23.974528
-29.408754
-24.695481
-32.930485
-25.224430
-28.086394
-28.589233
-26.835045
-24.474040
-30.674715
-24.862396
-25.561254
-22.866892
-24.012528
-21.544737
-22.854270
-25.734267
-27.460051
-23.266000
-22.705857
-25.538648
-30.800699
-29.666063
-28.590085
-26.113478
-29.302772
-28.809579
-20.537235
-15.199973
-23.078030
-26.494758
-20.482763
-20.652564
-25.841445
-22.241425
-27.356191
-17.038301
-14.187660
-18.677705
-18.935361
-26.277453
-18.693283
-24.601562
-23.890590
-23.645210
-21.810577
-22.515860
-16.121078
-18.601726
-19.853636
-17.228764
-19.464273
-19.478090
-16.284039
-14.713116
-15.405689
-18.321976
-18.836150
-27.212446
-24.253339
-22.843028
-21.826791
-30.100704
-29.524076
-29.474654
-29.465361
-16.726880
-17.138466
-30.287470
-26.985305
-20.429497
-20.980807
-21.908474
-29.226421
-28.809948
-26.721873
-23.482875
-27.803590
-29.211967
-27.477038
-19.362905
-19.904215
-32.853899
-37.602306
-32.891368
-33.280121
-31.049306
-33.068453
-32.400321
-32.369257
-31.173713
-38.049125
-29.672838
-29.436948
-30.970731
-32.206661
-32.684062
-34.822866
-20.174721
-20.324473
-32.587270
-32.803426
-27.591908
-29.769121
-35.071262
-30.034190
-27.891634
-19.664755
-18.629508
-16.805848
-17.753472
-19.833317
-21.932901
-15.261510
-19.115312
-16.369876
-16.119297
-15.237099
-22.503862
-22.507434
-17.756089
-24.160409
-22.343032
-22.465092
-25.274859
-21.989833
-23.925726
-23.273745
-31.629916
-31.730848
-25.886941
-26.985119
-32.448174
-20.859568
-22.434380
-22.142802
-25.053897
-24.590953
-24.171101
-14.620923
-20.255511
-20.095923
-14.016056
-18.721839
-17.822893
-18.866249
-21.732770
-19.430374
-19.118426
-27.515770
-22.892910
-26.355452
-28.435200
-32.095718
-28.866880
-32.084248
-21.908419
-33.426845
-33.828947
-35.267963
-27.202442
-24.850482
-22.126562
-22.660196
-22.509950
-23.040828
-23.234169
-29.345024
-34.179284
-23.781701
-24.074726
-24.284683
-29.500941
-25.589398
-24.044062
-24.132038
-22.968381
-19.350516
-22.213852
-21.477999
-23.190718
-25.518624
-27.339959
-27.385056
-27.020359
-28.755669
-19.746884
-29.617825
-28.130015
-18.247916
-23.889007
-23.686237
-33.251460
-32.837398
-32.996074
-23.630885
-40.005811
-31.886589
-31.535582
-39.237881
-34.432913
-28.874558
-30.648757
-31.941779
-28.828229
-35.910627
-33.581967
-33.998300
-34.524378
-24.248759
-21.296368
-20.761895
-20.514376
-23.442727
-24.384035
-19.432289
-24.782488
-24.697170
-25.552514
-26.277941
-27.468519
-16.876159
-17.300607
-14.233165
-18.663320
-18.165836
-14.913130
-15.546135
-16.451279
-17.714156
-17.426242
-18.341513
-19.571638
-27.528067
-19.405654
-20.710957
-20.721231
-21.093495
-19.925156
-18.174987
-26.429054
-24.829927
-24.853458
-24.853773
-20.824498
-20.857808
-23.668701
-23.722115
-27.379382
-22.353922
-20.445726
-20.165603
-27.615857
-22.934992
-25.768750
-27.016815
-26.200124
-26.454734
-27.392103
-26.787920
-27.005541
-19.696069
-19.559110
-19.700270
-32.445757
-32.497429
-21.353256
-23.111466
-25.605191
-26.992393
-25.175097
-26.006284
-20.720886
-25.163699
-18.317675
-19.238177
-25.697374
-24.442555
-24.533973
-22.933162
-24.458163
-24.434878
-25.019518
-19.603236
-20.182017
-19.542083
-35.441289
-35.634864
-35.250254
-31.543057
-29.810499
-25.155368
-27.026990
-27.030059
-22.724156
-30.755688
-22.687212
-20.458000
-22.737088
-23.531244
-20.746009
-20.384867
-20.109097
-23.126291
-18.987991
-15.580201
-26.623478
-24.726095
-24.242429
-28.307302
-27.963369
-32.893287
-30.651793
-29.512308
-23.201958
-24.990571
-25.289258
-24.500318
-23.557441
-22.073031
-28.388386
-19.139677
-21.656360
-19.404787
-21.736818
-24.503981
-28.674424
-14.710864
-25.325949
-28.231408
-21.648953
-22.540807
-26.366990
-23.990261
-26.227546
-27.699769
-28.272880
-29.748594
-25.207002
-24.240872
-21.729941
-24.451219
-21.822354
-24.822425
-21.082401
-21.463587
-25.694954
-20.254372
-21.226229
-21.468890
-20.948902
-21.048581
-26.199359
-28.275605
-26.615605
-26.723844
-23.239700
-22.503483
-26.235217
-26.278116
-22.386021
-22.386673
-19.482706
-22.309161
-20.093933
-19.948800
-22.069580
-25.190279
-23.141128
-22.603453
-24.597417
-26.053823
-26.639660
-19.584477
-24.101440
-25.869503
-25.819847
-21.938665
-17.341809
-13.044472
-21.362536
-36.052540
-23.999591
-27.670126
-25.514753
-25.131023
-24.241475
-26.364874
-17.203147
-24.416609
-26.012119
-24.904112
-28.143361
-26.908671
-29.548059
-21.676539
-30.701493
-30.252569
-29.300839
-34.361507
-36.548181
-31.250154
-34.638657
-34.770260
-32.820628
-32.807436
-30.836504
-30.814135
-26.859768
-27.704048
-25.305846
-28.246181
-19.987059
-31.211435
-26.783834
-27.413351
-23.460737
-23.328703
-25.946441
-31.479286
-37.421472
-33.294365
-16.875261
-36.844586
-34.701642
-37.103065
-36.988588
-37.080559
-36.650311
-27.245383
-26.406425
-27.112581
-23.941806
-28.814607
-24.382147
-23.344608
-23.271704
-24.466125
-24.131370
-25.254456
-22.273677
-28.644423
-26.676148
-27.365852
-28.255676
-26.884914
-23.385815
-26.722282
-22.117815
-22.289820
-22.028386
-24.385081
-24.075179
-25.182442
-23.607299
-29.334075
-24.665835
-29.122952
-31.456961
-32.378940
-24.439174
-24.378296
-28.237364
-28.251805
-27.389574
-31.881621
-20.750761
-22.094420
-24.442120
-23.405053
-23.963370
-22.453981
-23.443258
-24.139598
-21.725337
-25.767254
-20.987814
-21.801199
-21.936890
-26.900539
-25.512615
-25.242058
-23.407607
-24.917329
-20.525826
-26.949689
-24.270991
-26.830962
-25.324551
-31.311922
-30.246690
-27.317200
-28.024394
-30.215330
-26.352224
-27.133275
-29.474745
-28.076195
-30.092059
-26.766021
-27.623190
-29.552420
-30.628628
-31.852373
-27.621458
-30.713178
-29.315714
-31.747536
-32.461414
-23.737174
-26.974490
-23.297557
-24.699763
-22.331783
-25.022722
-24.025717
-23.765940
-30.210053
-29.306174
-25.685069
-24.212313
-26.361016
-29.987314
-36.056562
-30.151944
-29.890972
-30.548291
-29.456257
-30.285103
-30.206424
-30.642158
-31.160529
-29.280120
-27.297161
-24.761026
-20.271275
-22.254545
-25.603156
-22.044847
-18.048028
-14.500056
-28.552348
-29.327937
-28.814892
-26.013793
-25.195355
-27.878596
-26.402254
-26.988389
-24.618353
-29.279935
-32.306415
-33.654369
-37.325463
-27.765873
-19.977110
-18.256850
-17.799149
-17.952147
-18.165393
-18.525110
-18.196417
-30.110809
-28.891435
-23.942741
-27.707910
-20.024729
-17.940866
-25.722960
-25.407213
-25.398674
-25.809965
-23.316978
-20.086671
-20.261733
-18.913596
-27.306090
-27.797339
-27.685238
-27.591169
-28.195735
-28.192296
-21.425284
-21.900882
-31.462723
-31.390835
-29.044802
-29.243188
-30.352209
-23.501247
-20.967312
-19.005878
-22.911642
-18.552392
-19.846880
-28.021707
-28.830440
-32.914175
-28.333053
-29.764948
-24.800919
-26.071003
-30.330636
-36.607460
-37.444522
-39.960748
-25.287481
-24.815419
-32.645046
-14.627417
-14.636928
-26.473472
-25.919604
-28.438918
-30.061185
-27.782844
-18.768504
-22.896449
-24.140868
-28.084722
-29.920321
-27.517536
-29.494609
-23.955815
-23.251475
-26.593545
-25.946918
-24.672524
-24.107716
-34.295415
-29.620671
-34.288270
-29.402690
-29.310436
-29.344693
-29.594738
-27.198140
-28.643259
-36.142512
-34.766321
-30.120477
-30.608316
-33.514083
-29.642050
-28.205797
-33.254592
-32.326448
-32.013589
-29.597885
-32.001307
-26.113639
-27.325461
-31.497768
-31.972992
-31.594013
-26.242362
-25.140812
-29.458097
-31.134124
-26.174502
-30.050043
-29.868576
-25.984999
-29.337718
-13.433605
-21.592463
-20.663037
-19.342727
-21.097463
-24.106008
-24.815906
-23.874694
-20.829461
-16.430644
-19.838357
-16.959488
-15.032601
-30.575658
-30.848786
-31.847361
-17.808109
-26.515905
-25.617235
-23.794396
-26.258515
-30.263100
-28.627946
-27.605529
-31.459912
-32.852276
-28.246674
-24.153301
-30.303238
-31.208395
-31.719511
-31.085075
-27.393233
-29.168219
-31.510828
-28.391703
-27.815462
-28.997308
-32.906864
-32.912146
-29.212010
-28.882078
-32.108166
-30.748099
-25.573433
-26.672098
-26.630538
-30.288892
-25.223163
-31.148033
-27.546698
-26.664886
-20.922769
-25.701431
-25.291402
-12.848456
-20.205966
-26.452429
-23.845919
-23.992456
-24.115774
-21.228411
-23.495663
-32.620920
-25.610993
-28.135703
-28.126626
-25.669793
-26.733394
-26.030811
-29.749088
-28.923902
-28.889731
-28.803365
-29.908724
-25.888803
-25.446681
-24.742593
-27.734756
-26.459871
-27.269770
-26.821396
-26.819935
-27.737342
-22.980843
-30.872549
-25.373155
-24.760063
-28.522800
-27.667434
-27.628004
-27.953145
-27.947550
-28.278614
-27.032455
-25.865750
-27.350341
-29.729505
-30.790786
-20.000052
-27.292030
-26.156602
-17.948979
-26.070281
-24.954647
-18.478677
-22.568882
-27.863413
-31.150818
-31.415481
-27.036582
-29.392925
-29.897334
-26.491203
-32.083162
-31.671002
-31.830346
-29.444409
-31.341818
-27.157996
-28.153773
-29.434331
-31.583936
-32.772834
-29.544456
-28.289333
-23.004209
-24.009227
-24.385394
-24.740426
-24.188458
-24.683926
-24.664761
-24.879092
-27.721224
-22.397066
-25.542008
-20.305792
-14.455997
-22.649472
-23.959285
-22.497640
-21.081081
-22.917611
-24.119442
-19.221155
-26.702029
-17.456727
-23.869966
-29.092341
-26.432516
-26.447782
-25.367528
-21.359384
-22.603799
-26.244269
-23.965810
-23.270058
-26.409981
-27.753673
-25.406317
-26.280331
-25.173997
-28.937220
-20.675828
-21.008354
-31.890776
-25.530742
-32.586825
-33.069767
-27.719284
-23.990084
-25.761861
-23.550962
-22.532003
-24.102968
-21.972159
-23.778080
-24.293868
-24.300876
-24.022071
-25.719945
-27.599830
-23.773638
-24.626841
-24.658907
-24.514115
-25.646817
-22.545048
-15.888725
-23.469261
-23.128672
-23.707088
-24.291793
-27.348325
-28.220697
-23.041369
-23.606759
-23.143890
-25.658021
-23.586471
-26.755826
-24.834577
-28.222364
-24.042950
-24.111089
-23.330415
-22.019824
-22.902312
-24.609266
-17.291148
-17.245576
-17.645024
-27.104388
-27.194077
-21.063737
-25.926061
-27.919910
-35.698134
-31.768696
-31.375614
-32.861346
-29.262992
-32.930486
-21.785384
-23.040456
-24.952441
-24.991687
-24.878259
-21.267094
-21.773535
-21.506058
-22.901830
-16.611957
-17.052504
-24.043576
-22.287299
-16.301450
-18.752900
-28.404796
-19.830040
-21.183540
-31.559980
-22.246702
-22.742040
-22.171479
-26.114694
-23.866789
-24.350542
-24.351367
-21.681037
-27.149520
-25.129844
-25.460759
-22.050325
-21.825007
-24.497031
-21.003448
-26.678091
-19.644943
-18.298186
-18.546721
-22.503363
-23.227394
-22.787625
-27.840979
-25.987460
-23.014702
-23.987921
-22.144523
-21.985299
-23.426395
-27.780399
-32.037945
-30.048473
-31.063760
-33.292002
-22.040080
-35.443662
-31.811459
-36.194489
-32.841605
-30.599681
-27.156262
-25.208665
-23.024209
-31.277999
-24.697410
-26.256605
-24.119229
-30.663454
-27.830314
-30.585367
-31.738576
-25.272475
-25.273573
-25.381229
-25.661581
-23.549634
-24.950189
-23.433305
-25.990985
-23.237194
-26.588193
-26.887117
-25.549221
-24.685831
-25.787542
-25.634232
-22.620175
-22.751489
-28.497785
-17.308264
-17.849523
-18.963065
-20.904660
-24.879712
-25.868807
-27.776369
-31.166772
-31.153728
-32.129283
-31.251804
-21.708681
-26.694770
-36.510550
-34.040232
-30.252898
-34.193428
-31.313874
-32.306803
-31.017878
-28.822749
-33.205982
-31.874216
-32.813818
-29.115724
-24.223613
-25.515567
-26.255847
-31.416028
-27.821131
-32.499313
-31.869469
-30.540866
-37.952479
-36.361392
-35.249003
-35.622674
-22.765002
-29.357697
-24.258714
-24.540433
-24.267553
-24.709178
-33.705256
-24.160824
-24.229940
-23.353750
-19.387321
-21.543067
-21.083005
-22.420391
-19.580634
-19.480429
-29.361004
-24.339055
-31.527362
-27.462587
-24.407221
-27.485067
-24.265171
-29.963387
-29.918858
-29.633624
-33.158122
-33.048686
-32.909752
-29.072931
-28.149433
-26.661143
-26.328450
-26.212816
-24.158478
-25.693633
-25.571505
-25.476478
-26.053104
-20.593836
-24.402672
-26.143379
-30.781444
-32.828909
-32.357311
-32.356515
-32.372585
-27.112633
-25.961385
-32.548473
-28.559818
-25.660257
-29.308060
-28.521227
-25.605629
-25.876452
-25.455260
-24.183738
-16.453839
-16.586208
-18.474875
-22.900458
-25.689478
-28.639820
-30.503785
-27.257162
-24.814138
-25.767036
-27.004984
-22.229610
-26.679576
-24.890719
-26.556684
-25.660714
-25.365452
-26.516510
-26.591781
-24.514771
-32.966084
-32.113840
-31.213793
-31.779704
-30.984283
-24.133927
-27.912476
-25.571287
-27.556918
-24.434669
-27.302303
-29.387244
-27.949204
-26.064849
-28.241798
-30.011148
-28.038175
-28.398957
-27.155881
-26.433456
-26.856258
-27.455311
-30.260632
-25.949502
-26.852992
-28.158999
-30.694758
-19.134919
-19.636952
-19.571891
-19.576745
-26.188781
-28.933323
-28.866257
-27.193651
-24.291382
-26.707568
-29.653597
-26.640596
-22.555823
-20.559986
-20.094283
-18.633290
-24.197229
-23.298885
-28.015428
-28.648900
-31.334181
-30.127289
-32.951886
-29.215643
-31.894300
-31.978075
-34.423270
-31.306390
-25.241349
-31.432032
-30.296950
-29.818304
-26.193839
-19.097469
-27.141593
-27.471189
-26.469666
-26.296095
-26.704718
-18.540018
-28.239642
-22.984103
-23.484402
-30.978081
-32.567508
-32.149741
-33.492725
-33.297148
-19.568939
-22.748830
-20.318413
-23.327002
-20.722610
-17.473835
-18.652782
-23.835430
-25.488608
-24.874156
-18.062166
-24.243005
-25.221673
-22.678349
-29.635890
-24.970357
-25.670470
-25.668516
-25.059782
-25.537060
-24.204617
-24.867476
-24.167653
-25.501985
-26.038905
-25.417491
-21.234479
-23.134589
-23.766303
-17.421064
-23.397393
-17.724469
-19.559793
-25.541569
-28.087188
-25.502905
-25.097609
-25.367164
-28.614965
-28.628562
-28.549614
-14.650381
-16.245739
-14.839039
-14.849827
-25.721021
-23.205485
-24.975403
-27.654246
-18.847368
-16.241315
-18.447732
-28.010026
-28.048828
-26.816758
-29.857399
-28.459746
-26.776453
-28.589403
-28.558978
-27.756311
-23.454854
-27.147853
-35.087495
-30.001650
-27.073973
-27.351439
-22.647903
-24.495193
-25.186490
-26.097734
-26.197917
-28.985363
-25.726748
-26.171074
-22.159634
-22.182125
-24.081151
-24.016180
-27.145693
-23.023172
-22.632740
-22.592813
-22.588465
-26.109958
-24.712590
-24.400599
-24.377674
-25.231563
-21.024646
-21.512784
-21.365995
-21.254316
-19.212023
-19.531105
-22.800868
-24.108776
-23.801257
-22.377485
-21.654921
-22.826291
-22.553412
-19.241275
-22.771081
-24.814093
-23.104445
-21.441302
-20.739551
-27.401555
-29.115569
-27.698343
-23.366131
-23.770559
-23.924166
-23.930268
-23.019826
-28.685648
-28.084887
-27.490114
-27.636930
-28.589904
-26.365653
-25.936209
-24.731423
-20.602178
-19.151557
-26.454374
-29.688933
-29.510363
-28.612769
-28.912791
-18.520598
-23.972358
-22.371530
-20.630607
-24.130320
-22.595592
-16.287390
-17.304750
-22.924014
-15.949261
-18.874027
-19.108237
-20.231219
-20.084092
-23.402589
-16.386531
-15.018891
-19.088248
-21.508552
-17.952429
-18.324679
-22.195467
-21.710285
-28.814966
-29.672763
-26.530277
-28.713041
-27.818935
-27.786696
-28.828177
-26.647967
-23.820103
-16.178677
-22.841303
-22.072301
-12.996165
-12.592587
-15.423174
-13.969477
-19.686960
-17.342405
-11.730974
-11.628895
-14.608349
-17.804586
-14.898739
-13.098289
-13.698930
-17.324646
-27.576019
-25.745314
-28.593128
-19.952788
-32.908857
-22.242605
-21.114246
-21.027765
-20.927165
-21.697603
-20.903432
-27.163043
-32.349420
-32.192639
-33.618725
-29.602749
-31.941858
-27.704783
-27.297558
-28.186249
-32.745297
-32.653353
-22.709741
-27.526088
-24.287685
-27.175555
-22.754610
-19.879944
-17.969194
-23.143727
-21.041694
-19.214570
-21.029168
-20.301640
-17.123787
-20.677593
-25.246113
-25.964531
-28.252107
-22.804557
-22.634919
-22.108847
-22.329853
-24.957120
-21.168402
-21.044462
-27.262135
-26.167041
-18.132705
-18.083043
-21.504309
-25.024046
-22.916744
-23.750184
-22.047062
-30.555225
-23.265208
-22.164787
-21.621843
-22.376326
-26.466471
-28.941242
-28.327129
-28.340382
-33.495733
-21.945456
-22.149444
-22.188631
-20.488124
-20.495093
-22.323491
-21.698033
-26.052386
-24.395133
-26.383513
-26.832555
-24.839926
-25.211662
-25.076124
-25.865849
-26.023676
-27.671557
-24.625449
-22.520143
-23.556977
-22.780648
-23.587577
-25.472716
-23.012986
-22.907401
-25.287141
-24.710875
-26.560490
-23.721964
-23.089023
-22.688413
-18.685681
-21.175543
-19.374986
-19.825310
-17.520228
-14.182048
-19.768626
-17.821996
-22.378479
-21.046632
-23.048699
-22.645281
-20.569161
-20.515494
-18.011133
-21.892586
-20.376797
-20.385716
-17.822315
-19.778766
-20.897492
-21.120917
-22.096575
-30.377730
-27.205611
-27.411366
-22.601166
-28.049961
-26.637520
-26.169071
-23.353607
-23.481936
-17.869403
-17.892062
-24.212833
-21.344497
-21.242741
-23.880816
-23.583886
-28.111110
-27.647649
-28.522733
-27.103249
-23.556288
-21.603520
-23.191886
-19.285719
-17.178337
-18.181207
-16.932759
-22.658411
-25.426764
-25.559304
-25.562036
-33.006221
-20.661978
-33.038984
-20.945220
-19.790639
-18.131111
-19.928987
-21.445220
-21.122770
-20.194567
-20.820430
-19.307982
-27.068056
-24.026402
-27.208187
-28.567681
-28.537483
-27.165037
-24.742120
-23.898830
-23.389758
-22.912330
-27.376835
-24.143593
-33.499294
-33.468097
-28.335242
-26.309715
-29.791756
-27.225170
-28.019527
-27.323441
-26.792787
-25.917424
-27.762598
-22.434491
-23.189534
-28.455770
-24.777876
-36.233710
-40.250753
-41.399844
-38.498276
-44.005141
-43.973974
-40.203062
-31.492167
-29.712303
-26.253553
-25.883146
-30.481428
-29.251163
-32.260333
-30.574065
-29.870745
-33.610403
-31.012058
-30.895662
-30.824295
-32.698348
-27.839583
-25.287540
-30.134193
-22.110698
-23.099206
-25.828346
-24.392716
-24.843656
-26.876649
-27.290642
-26.719334
-22.493052
-23.304716
-18.428069
-20.405620
-30.483281
-22.749591
-22.019563
-21.966819
-23.336614
-22.428507
-22.925115
-31.263036
-32.185359
-32.844950
-28.388521
-26.328861
-27.251426
-34.706051
-37.899608
-38.220971
-31.907517
-27.182556
-26.762180
-27.496050
-29.622095
-23.327841
-25.634774
-23.041515
-23.728828
-23.232500
-22.876950
-30.468818
-28.151614
-28.778451
-27.693757
-25.239366
-21.862007
-27.279036
-27.768460
-27.923669
-22.492040
-30.319870
-30.513900
-30.015291
-31.276099
-26.395424
-21.328495
-22.827058
-28.792520
-30.972191
-27.716439
-23.474931
-24.399263
-23.934556
-22.962725
-25.964726
-25.273212
-24.993986
-22.468623
-20.480184
-21.037720
-20.072169
-22.336991
-22.110150
-27.554439
-29.243336
-26.432923
-29.763294
-28.216201
-29.675780
-30.394706
-32.130059
-35.219716
-15.610920
-38.667878
-33.129888
-30.447177
-32.179297
-32.490257
-27.808002
-30.738137
-32.424576
-33.175091
-27.423602
-27.674709
-18.503959
-22.087895
-28.362342
-27.723536
-27.598505
-31.762731
-31.683583
-28.304930
-28.159720
-27.411297
-28.041135
-28.224755
-29.154123
-27.950137
-27.874666
-31.147531
-30.740187
-21.306891
-21.375723
-33.566249
-15.684811
-21.944447
-24.331610
-29.459829
-28.657678
-30.767814
-33.253527
-34.358490
-35.584912
-32.427641
-35.753463
